t,B,N
0.056794646,0.218764178,0.00530689
1.040404352,0.249543342,0.014423603
2.560726846,0.28818065,0.028276033
3.638477806,0.320565203,0.037367441
4.80629152,0.358771897,0.046720266
5.929073857,0.383635447,0.054036955
7.051856194,0.410295994,0.060388381
8.174638531,0.425115989,0.065871072
9.297420868,0.438650255,0.070523636
10.4202032,0.44783454,0.074403991
11.54298554,0.457709682,0.077608662
12.10437671,0.461377679,0.078940724
13.22715905,0.467034117,0.081199438
14.34994138,0.470586282,0.082975521
15.47272372,0.472613333,0.084326888
16.59550606,0.473443459,0.085369372
17.71828839,0.473134575,0.086102971
18.84107073,0.472362365,0.086546992
19.96385307,0.471049608,0.086952402
21.0866354,0.469485883,0.086971707
22.20941774,0.467825632,0.086971707
23.33220008,0.46612677,0.086971707
24.45498242,0.464447214,0.086971707
25.57776475,0.462806268,0.086971707
26.70054709,0.461281153,0.086604908
27.82332943,0.459929786,0.086546992
28.38472059,0.459254102,0.086546992
29.50750293,0.458095787,0.086334634
30.63028527,0.457091914,0.086122276
31.7530676,0.456223178,0.086122276
32.87584994,0.455450968,0.085948529
33.99863228,0.45479459,0.085697561
35.12141462,0.454331264,0.085697561
36.24419695,0.453906548,0.085697561
37.36697929,0.453501138,0.085697561
38.48976163,0.453095728,0.085485203
39.61254396,0.453076423,0.085485203
40.7353263,0.452709623,0.085272846
41.85810864,0.452651707,0.085272846
42.98089097,0.452651707,0.085272846
44.10367331,0.452458655,0.085272846
45.22645565,0.45243935,0.085272846
46.34923798,0.45243935,0.085272846
47.47202032,0.452226992,0.085272846
48.59480266,0.452226992,0.085272846
49.71758499,0.452226992,0.085272846
50.84036733,0.452400739,0.085272846
51.96314967,0.45243935,0.085272846
53.085932,0.45243935,0.085272846
54.20871434,0.45243935,0.085272846
55.33149668,0.45243935,0.085272846
56.45427902,0.45243935,0.085272846
57.57706135,0.45243935,0.085272846
58.69984369,0.45243935,0.085272846
59.82262603,0.452651707,0.085272846
60.94540836,0.452593792,0.085272846
62.0681907,0.452651707,0.085272846
63.19097304,0.452651707,0.085272846
64.31375537,0.452651707,0.085272846
65.43653771,0.452651707,0.085272846
66.55932005,0.452651707,0.085272846
67.68210238,0.452651707,0.085272846
68.80488472,0.452651707,0.085272846
69.92766706,0.452651707,0.085272846
71.05044939,0.452651707,0.085272846
72.17323173,0.452651707,0.085272846
73.29601407,0.452651707,0.085272846
74.4187964,0.452651707,0.085272846
75.54157874,0.452651707,0.085272846
76.66436108,0.452651707,0.085272846
77.78714342,0.452651707,0.085272846
78.90992575,0.452651707,0.085272846
80.03270809,0.452651707,0.085272846
81.15549043,0.452651707,0.085272846
82.27827276,0.452651707,0.085272846
83.4010551,0.452651707,0.085272846
84.52383744,0.452651707,0.085272846
85.64661977,0.452651707,0.085272846
86.76940211,0.452651707,0.085272846
87.89218445,0.452651707,0.085272846
89.01496678,0.452651707,0.085272846
90.13774912,0.452651707,0.085272846
91.26053146,0.452651707,0.085272846
92.38331379,0.452651707,0.085272846
93.50609613,0.452651707,0.085272846
94.62887847,0.452651707,0.085272846
95.75166081,0.452651707,0.085272846
96.87444314,0.452651707,0.085272846
97.99722548,0.452651707,0.085272846
99.12000782,0.452651707,0.085272846
100.1152013,0.452613097,0.085272846
